SIZES
  narena                14680064
  nbuffer               1656976
  nplugin               0
  maxuse_stack          1300
  maxuse_arena          1300
  maxuse_con            0
  maxuse_efc            0
  solver_nisland        0
  ne                    0
  nf                    0
  nl                    0
  nefc                  0
  nnzJ                  0
  ncon                  0
  nisland               0
  threadpool            0

TIMER
    0:  duration =  0          number = 0
    1:  duration =  1.4        number = 14
    2:  duration =  0          number = 0
    3:  duration =  1.4        number = 14
    4:  duration =  0.02       number = 14
    5:  duration =  0          number = 0
    6:  duration =  0.0012     number = 14
    7:  duration =  0          number = 0
    8:  duration =  0.041      number = 14
    9:  duration =  0.016      number = 14
    10:  duration =  1.3        number = 14
    11:  duration =  0.014      number = 14
    12:  duration =  0.00085    number = 14
    13:  duration =  0.073      number = 14
    14:  duration =  0.054      number = 14

ENERGY =   0         0       

TIME =  0       

QPOS
   0       
   0       
   0       
   0       
   0       
   0       
   0       
   0       
   0       
   0       

QVEL
   0       
   0       
   0       
   0       
   0       
   0       
   0       
   0       
   0       
   0       

QACC_WARMSTART
   0.36    
   0.11    
  -0.41    
  -5.6     
   80      
   0.27    
  -0.11    
   0.41    
  -5.6     
   82      

QFRC_APPLIED
   0       
   0       
   0       
   0       
   0       
   0       
   0       
   0       
   0       
   0       

XFRC_APPLIED
   0         0         0         0         0         0       
   0         0         0         0         0         0       
   0         0         0         0         0         0       
   0         0         0         0         0         0       
   0         0         0         0         0         0       
   0         0         0         0         0         0       
   0         0         0         0         0         0       
   0         0         0         0         0         0       
   0         0         0         0         0         0       
   0         0         0         0         0         0       
   0         0         0         0         0         0       

QACC
   0.36    
   0.11    
  -0.41    
  -5.6     
   80      
   0.27    
  -0.11    
   0.41    
  -5.6     
   82      

XPOS
   0         0         0       
   0        -0.029    -0.26    
   0        -0.098    -0.26    
   0        -0.098    -0.35    
   0        -0.098    -0.46    
   0        -0.098    -0.66    
   0         0.029    -0.26    
   0         0.098    -0.26    
   0         0.098    -0.35    
   0         0.098    -0.46    
   0         0.098    -0.66    

XQUAT
   1         0         0         0       
   1         0         0         0       
   1         0         0         0       
   1         0         0         0       
   1         0         0         0       
   1         0         0         0       
   1         0         0         0       
   1         0         0         0       
   1         0         0         0       
   1         0         0         0       
   1         0         0         0       

XMAT
   1         0         0         0         1         0         0         0         1       
   1         0         0         0         1         0         0         0         1       
   1         0         0         0         1         0         0         0         1       
   1         0         0         0         1         0         0         0         1       
   1         0         0         0         1         0         0         0         1       
   1         0         0         0         1         0         0         0         1       
   1         0         0         0         1         0         0         0         1       
   1         0         0         0         1         0         0         0         1       
   1         0         0         0         1         0         0         0         1       
   1         0         0         0         1         0         0         0         1       
   1         0         0         0         1         0         0         0         1       

XIPOS
   0         0         0       
  -0.00023  -0.096    -0.26    
   0.00089  -0.098    -0.32    
   0        -0.096    -0.42    
  -9e-05    -0.1      -0.51    
   0.028    -0.098    -0.68    
  -0.00023   0.096    -0.26    
   0.00051   0.097    -0.32    
   0         0.096    -0.42    
   9e-05     0.1      -0.51    
   0.029     0.098    -0.68    

XIMAT
   1         0         0         0         1         0         0         0         1       
   0.003     0.001     1         0.016    -1         0.00098   1         0.016    -0.003   
  -0.0023   -1         0.04      1        -0.0021    0.0036   -0.0035    0.04      1       
   1         0         0         0         0.91     -0.41      0         0.41      0.91    
   1        -0.0052    0.00054   0.0052    1         6.6e-05  -0.00054  -6.3e-05   1       
   0.0011   -0.0075    1         1         0.025    -0.00092  -0.025     1         0.0075  
   0.0028   -0.017     1         0.0087   -1        -0.017     1         0.0087   -0.0026  
   0.0024   -1         0.05      1         0.0026    0.0034   -0.0036    0.05      1       
   1        -0         0         0         0.91      0.41     -0        -0.41      0.91    
   1        -0.0052   -0.00054   0.0052    1        -6.6e-05   0.00054   6.3e-05   1       
  -0.0055   -0.019     1         1        -0.022     0.0051    0.022     1         0.019   

XANCHOR
   0        -0.029    -0.26    
   0        -0.098    -0.26    
   0        -0.098    -0.35    
   0        -0.098    -0.46    
   0        -0.098    -0.66    
   0         0.029    -0.26    
   0         0.098    -0.26    
   0         0.098    -0.35    
   0         0.098    -0.46    
   0         0.098    -0.66    

XAXIS
   0         1         0       
   1         0         0       
   0         0         1       
   0         1         0       
   0         1         0       
   0         1         0       
   1         0         0       
   0         0         1       
   0         1         0       
   0         1         0       

GEOM_XPOS
  -0.0043   -4.3e-05  -0.039   
   0         0        -0.07    
   0.0019   -0.14      8.8e-06 
   0.0019   -0.14      8.8e-06 
  -0.0065   -0.15     -0.056   
  -0.0065   -0.15     -0.056   
  -0.0026   -0.15     -0.13    
  -0.0026   -0.15     -0.13    
   0.054    -0.14     -0.13    
   0.054    -0.14     -0.13    
   0.12     -0.14     -0.13    
   0.12     -0.14     -0.13    
   0.0011    0.14      8.1e-06 
   0.0011    0.14      8.1e-06 
  -0.0065    0.15     -0.056   
  -0.0065    0.15     -0.056   
  -0.0026    0.14     -0.13    
  -0.0026    0.14     -0.13    
   0.054     0.15     -0.13    
   0.054     0.15     -0.13    
   0.12      0.15     -0.13    
   0.12      0.15     -0.13    
  -1.9e-11  -4.9e-12  -0.25    
   0         0        -0.25    
  -7.1e-05  -0.092    -0.26    
   0        -0.099    -0.26    
   0.00075  -0.097    -0.32    
   0        -0.098    -0.34    
   3.8e-07  -0.098    -0.42    
   0        -0.098    -0.41    
   4.2e-05  -0.099    -0.55    
   0        -0.098    -0.56    
   0.0021   -0.098    -0.66    
   0        -0.098    -0.66    
   0.037    -0.098    -0.68    
   0.037    -0.098    -0.68    
  -8e-05     0.092    -0.26    
   0         0.099    -0.26    
   0.00078   0.098    -0.32    
   0         0.098    -0.34    
  -3.8e-07   0.098    -0.42    
   0         0.098    -0.41    
  -4.1e-05   0.099    -0.55    
   0         0.098    -0.56    
   0.00082   0.098    -0.66    
   0         0.098    -0.66    
   0.038     0.098    -0.68    
   0.038     0.098    -0.68    

GEOM_XMAT
   1         0.00077   0.034    -0.00079   1         0.00052  -0.034    -0.00055   1       
   1         0         0         0         1         0         0         0         1       
   0.0079   -0.97     -0.24      0.00019   0.24     -0.97      1         0.0077    0.0021  
   0.0079   -0.97     -0.24      0.00019   0.24     -0.97      1         0.0077    0.0021  
   0.9      -0.11     -0.42      0.12      0.99     -0.00032   0.41     -0.049     0.91    
   0.9      -0.11     -0.42      0.12      0.99     -0.00032   0.41     -0.049     0.91    
  -1         0.0077    0.0021   -0.0079   -0.97     -0.24      0.00019  -0.24      0.97    
  -1         0.0077    0.0021   -0.0079   -0.97     -0.24      0.00019  -0.24      0.97    
   0.41     -0.049    -0.91      0.9      -0.11      0.42     -0.12     -0.99     -0.00032 
   0.41     -0.049    -0.91      0.9      -0.11      0.42     -0.12     -0.99     -0.00032 
   3.6e-05   1.5e-05  -1        -0.47     -0.88     -3e-05    -0.88      0.47     -2.5e-05 
   3.6e-05   1.5e-05  -1        -0.47     -0.88     -3e-05    -0.88      0.47     -2.5e-05 
   0.0057   -0.96      0.28     -0.0004   -0.28     -0.96      1         0.0053   -0.002   
   0.0057   -0.96      0.28     -0.0004   -0.28     -0.96      1         0.0053   -0.002   
   0.9       0.11     -0.42     -0.12      0.99      0.00033   0.41      0.049     0.91    
   0.9       0.11     -0.42     -0.12      0.99      0.00033   0.41      0.049     0.91    
  -1        -0.0077   -0.0021    0.008    -0.97     -0.24     -0.00016  -0.24      0.97    
  -1        -0.0077   -0.0021    0.008    -0.97     -0.24     -0.00016  -0.24      0.97    
   0.41      0.049    -0.91      0.9       0.11      0.42      0.12     -0.99      0.00033 
   0.41      0.049    -0.91      0.9       0.11      0.42      0.12     -0.99      0.00033 
   3.6e-05   1.5e-05  -1        -0.47     -0.88     -3e-05    -0.88      0.47     -2.5e-05 
   3.6e-05   1.5e-05  -1        -0.47     -0.88     -3e-05    -0.88      0.47     -2.5e-05 
   1         0        -0.0021   -0.0021    0        -1         0         1         0       
   1         0         0         0         1         0         0         0         1       
  -0.0076   -1         0.068    -0.015    -0.068    -1         1        -0.0086   -0.014   
   1         0         0         0         1         0         0         0         1       
   0.0011   -1         0.048     1         0.0011   -0.00055   0.0005    0.048     1       
   1         0         0         0         1         0         0         0         1       
   1        -7.6e-06  -2.9e-05   9.3e-06   1         0.06      2.9e-05  -0.06      1       
   1         0         0         0         1         0         0         0         1       
   1         0.0016   -0.00054  -0.0016    1        -0.007     0.00053   0.007     1       
   1         0         0         0         1         0         0         0         1       
   0         0.00044   1         0        -1         0.00044   1         0         0       
   1         0         0         0         1         0         0         0         1       
  -0.0036   -0.18      0.98      1        -0.012     0.0015    0.011     0.98      0.18    
  -0.0036   -0.18      0.98      1        -0.012     0.0015    0.011     0.98      0.18    
  -0.0095   -1        -0.017    -0.017     0.017    -1         1        -0.0093   -0.017   
   1         0         0         0         1         0         0         0         1       
  -0.0011   -1         0.046     1        -0.0011   -0.00054   0.00059   0.046     1       
   1         0         0         0         1         0         0         0         1       
   1        -7.6e-06   2.9e-05   9.3e-06   1        -0.06     -2.9e-05   0.06      1       
   1         0         0         0         1         0         0         0         1       
   1         0.0016    0.00054  -0.0016    1         0.007    -0.00053  -0.007     1       
   1         0         0         0         1         0         0         0         1       
  -7.4e-10  -0.00014   1        -5.1e-06  -1        -0.00014   1        -5.1e-06   1.7e-16 
   1         0         0         0         1         0         0         0         1       
  -0.0041   -0.2       0.98      1        -0.013     0.0016    0.013     0.98      0.2     
  -0.0041   -0.2       0.98      1        -0.013     0.0016    0.013     0.98      0.2     

SUBTREE_COM
   0.0059    1.1e-06  -0.46    
   0.0058   -0.098    -0.46    
   0.0073   -0.098    -0.51    
   0.0089   -0.098    -0.55    
   0.01     -0.099    -0.57    
   0.028    -0.098    -0.68    
   0.006     0.098    -0.46    
   0.0075    0.098    -0.51    
   0.0093    0.099    -0.55    
   0.011     0.099    -0.57    
   0.029     0.098    -0.68    

CDOF
   0         1         0        -0.2       0        -0.0058  
   1         0         0         0         0.2      -0.00026 
   0         0         1         0.00026   0.0058   -0       
   0         1         0         0.0025    0        -0.0058  
   0         1         0         0.2       0        -0.0058  
   0         1         0        -0.2       0        -0.006   
   1         0         0        -0         0.2       0.00026 
   0         0         1        -0.00026   0.006     0       
   0         1         0         0.0024    0        -0.006   
   0         1         0         0.2       0        -0.006   

CINERT
   0         0         0         0         0         0         0         0         0         0       
   0.026     0.026     0.00025   8.6e-06   0.00078  -0.00028  -0.004     0.0014    0.13      0.66    
   0.01      0.011     0.00042  -4.5e-07   0.00032  -7.9e-06  -0.0026    3.8e-05   0.071     0.54    
   0.00083   0.00066   0.0003    3.1e-06   5.1e-05  -1.3e-06  -0.0014    0.00054   0.0088    0.24    
   0.01      0.01      0.00039  -1.2e-05  -0.00038  -0.00012  -0.007    -0.0022   -0.064     1.2     
   0.033     0.035     0.0021   -2.3e-06   0.0033    3.2e-05   0.015     0.00016  -0.15      0.67    
   0.026     0.026     0.00025  -8e-06     0.00081   0.00026  -0.0041   -0.0013    0.13      0.66    
   0.01      0.011     0.00042  -8.4e-07   0.00036   2.9e-05  -0.003    -0.00024   0.071     0.54    
   0.00084   0.00066   0.0003   -3.2e-06   5.3e-05   1.4e-06  -0.0014   -0.00054   0.0089    0.24    
   0.01      0.01      0.00039   1.3e-05  -0.00037   0.00012  -0.0071    0.0022   -0.064     1.2     
   0.033     0.035     0.0021   -5.2e-06   0.0034   -1e-05     0.016    -5.7e-05  -0.15      0.67    

CRB
   0         0         0         0         0         0         0         0         0         0       
   0.08      0.082     0.0035   -3.5e-06   0.0041   -0.00038   8.7e-19   9.3e-18   2.8e-17   3.3     
   0.054     0.056     0.0032   -1.2e-05   0.0033   -9.3e-05   0.004    -0.0014   -0.13      2.6     
   0.044     0.045     0.0028   -1.2e-05   0.003    -8.5e-05   0.0066   -0.0015   -0.2       2.1     
   0.043     0.045     0.0025   -1.5e-05   0.0029   -8.4e-05   0.008    -0.002    -0.21      1.9     
   0.033     0.035     0.0021   -2.3e-06   0.0033    3.2e-05   0.015     0.00016  -0.15      0.67    
   0.08      0.082     0.0035   -4.3e-06   0.0043    0.0004    8.7e-19   5.5e-17  -1.4e-16   3.3     
   0.054     0.056     0.0033    3.8e-06   0.0035    0.00014   0.0041    0.0013   -0.13      2.6     
   0.044     0.046     0.0028    4.6e-06   0.0031    0.00011   0.0071    0.0016   -0.2       2.1     
   0.043     0.045     0.0025    7.8e-06   0.003     0.0001    0.0085    0.0021   -0.21      1.9     
   0.033     0.035     0.0021   -5.2e-06   0.0034   -1e-05     0.016    -5.7e-05  -0.15      0.67    

QM
   0.21      1.2e-06  -0.00054   0.085     0.0073    0         0         0         0         0       
   1.2e-06   0.21      0.0078    1.7e-06   1.7e-06   0         0         0         0         0       
  -0.00054   0.0078    0.0029   -0.00013  -2.9e-06   0         0         0         0         0       
   0.085     1.7e-06  -0.00013   0.044     0.005     0         0         0         0         0       
   0.0073    1.7e-06  -2.9e-06   0.005     0.0026    0         0         0         0         0       
   0         0         0         0         0         0.21     -9.4e-06   0.00058   0.085     0.0075  
   0         0         0         0         0        -9.4e-06   0.21      0.0082   -1e-05    -1e-05   
   0         0         0         0         0         0.00058   0.0082    0.003     0.00015   4.3e-06 
   0         0         0         0         0         0.085    -1e-05     0.00015   0.044     0.0051  
   0         0         0         0         0         0.0075   -1e-05     4.3e-06   0.0051    0.0027  

QLD
   0.044     0.0038   -0.091     2.1       2.8       0         0         0         0         0       
   0.0038    0.19      2.7      -4.3e-05   0.00064   0         0         0         0         0       
  -0.091     2.7       0.0029   -0.0037   -0.0011    0         0         0         0         0       
   2.1      -4.3e-05  -0.0037    0.034     1.9       0         0         0         0         0       
   2.8       0.00064  -0.0011    1.9       0.0026    0         0         0         0         0       
   0         0         0         0         0         0.044    -0.0039    0.089     2.1       2.8     
   0         0         0         0         0        -0.0039    0.19      2.7       0.00027  -0.0037  
   0         0         0         0         0         0.089     2.7       0.003     0.0043    0.0016  
   0         0         0         0         0         2.1       0.00027   0.0043    0.034     1.9     
   0         0         0         0         0         2.8      -0.0037    0.0016    1.9       0.0027  

QLDIAGINV
   23      
   5.3     
   3.4e+02 
   29      
   3.8e+02 
   23      
   5.3     
   3.3e+02 
   29      
   3.7e+02 

QLDIAGSQRTINV
   4.8     
   2.3     
   18      
   5.4     
   20      
   4.8     
   2.3     
   18      
   5.4     
   19      

B_rownnz              10 5 5 5 5 5 5 5 5 5 5

B_rowadr              0 10 15 20 25 30 35 40 45 50 55

B_colind              0 1 2 3 4 5 6 7 8 9 0 1 2 3 4 0 1 2 3 4 0 1 2 3 4 0 1 2 3 4 0 1 2 3 4 5 6 7 8 9 5 6 7 8 9 5 6 7 8 9 5 6 7 8 9 5 6 7 8 9

C_rownnz              5 5 5 5 5 5 5 5 5 5

C_rowadr              0 5 10 15 20 25 30 35 40 45

C_colind              0 1 2 3 4 0 1 2 3 4 0 1 2 3 4 0 1 2 3 4 0 1 2 3 4 5 6 7 8 9 5 6 7 8 9 5 6 7 8 9 5 6 7 8 9 5 6 7 8 9

mapM2C                0 2 5 9 14 2 1 4 8 13 5 4 3 7 12 9 8 7 6 11 14 13 12 11 10 15 17 20 24 29 17 16 19 23 28 20 19 18 22 27 24 23 22 21 26 29 28 27 26 25

D_rownnz              5 5 5 5 5 5 5 5 5 5

D_rowadr              0 5 10 15 20 25 30 35 40 45

D_colind              0 1 2 3 4 0 1 2 3 4 0 1 2 3 4 0 1 2 3 4 0 1 2 3 4 5 6 7 8 9 5 6 7 8 9 5 6 7 8 9 5 6 7 8 9 5 6 7 8 9

mapM2D                0 2 5 9 14 2 1 4 8 13 5 4 3 7 12 9 8 7 6 11 14 13 12 11 10 15 17 20 24 29 17 16 19 23 28 20 19 18 22 27 24 23 22 21 26 29 28 27 26 25

mapD2M                0 6 5 12 11 10 18 17 16 15 24 23 22 21 20 25 31 30 37 36 35 43 42 41 40 49 48 47 46 45

QDERIV
   0         0         0         0         0         0         0         0         0         0       
   0         0         0         0         0         0         0         0         0         0       
   0         0         0         0         0         0         0         0         0         0       
   0         0         0         0         0         0         0         0         0         0       
   0         0         0         0         0         0         0         0         0         0       
   0         0         0         0         0         0         0         0         0         0       
   0         0         0         0         0         0         0         0         0         0       
   0         0         0         0         0         0         0         0         0         0       
   0         0         0         0         0         0         0         0         0         0       
   0         0         0         0         0         0         0         0         0         0       

QLU
   0         0         0         0         0         0         0         0         0         0       
   0         0         0         0         0         0         0         0         0         0       
   0         0         0         0         0         0         0         0         0         0       
   0         0         0         0         0         0         0         0         0         0       
   0         0         0         0         0         0         0         0         0         0       
   0         0         0         0         0         0         0         0         0         0       
   0         0         0         0         0         0         0         0         0         0       
   0         0         0         0         0         0         0         0         0         0       
   0         0         0         0         0         0         0         0         0         0       
   0         0         0         0         0         0         0         0         0         0       

CONTACT
CVEL
   0         0         0         0         0         0       
   0         0         0         0         0         0       
   0         0         0         0         0         0       
   0         0         0         0         0         0       
   0         0         0         0         0         0       
   0         0         0         0         0         0       
   0         0         0         0         0         0       
   0         0         0         0         0         0       
   0         0         0         0         0         0       
   0         0         0         0         0         0       
   0         0         0         0         0         0       

CDOF_DOT
   0         0         0         0         0         0       
   0         0         0         0         0         0       
   0         0         0         0         0         0       
   0         0         0         0         0         0       
   0         0         0         0         0         0       
   0         0         0         0         0         0       
   0         0         0         0         0         0       
   0         0         0         0         0         0       
   0         0         0         0         0         0       
   0         0         0         0         0         0       

QFRC_BIAS
  -0.19    
  -0.021   
   0       
  -0.18    
  -0.18    
  -0.19    
   0.02    
   0       
  -0.19    
  -0.19    

QFRC_SPRING
   0       
   0       
   0       
   0       
   0       
   0       
   0       
   0       
   0       
   0       

QFRC_DAMPER
   0       
   0       
   0       
   0       
   0       
   0       
   0       
   0       
   0       
   0       

QFRC_GRAVCOMP
   0       
   0       
   0       
   0       
   0       
   0       
   0       
   0       
   0       
   0       

QFRC_FLUID
   0       
   0       
   0       
   0       
   0       
   0       
   0       
   0       
   0       
   0       

QFRC_PASSIVE
   0       
   0       
   0       
   0       
   0       
   0       
   0       
   0       
   0       
   0       

SUBTREE_LINVEL
   0         0         0       
   0         0         0       
   0         0         0       
   0         0         0       
   0         0         0       
   0         0         0       
   0         0         0       
   0         0         0       
   0         0         0       
   0         0         0       
   0         0         0       

SUBTREE_ANGMOM
   0         0         0       
   0         0         0       
   0         0         0       
   0         0         0       
   0         0         0       
   0         0         0       
   0         0         0       
   0         0         0       
   0         0         0       
   0         0         0       
   0         0         0       

QFRC_ACTUATOR
   0       
   0       
   0       
   0       
   0       
   0       
   0       
   0       
   0       
   0       

QFRC_SMOOTH
   0.19    
   0.021   
   0       
   0.18    
   0.18    
   0.19    
  -0.02    
   0       
   0.19    
   0.19    

QACC_SMOOTH
   0.36    
   0.11    
  -0.41    
  -5.6     
   80      
   0.27    
  -0.11    
   0.41    
  -5.6     
   82      

QFRC_CONSTRAINT
   0       
   0       
   0       
   0       
   0       
   0       
   0       
   0       
   0       
   0       

QFRC_INVERSE
   0       
   0       
   0       
   0       
   0       
   0       
   0       
   0       
   0       
   0       

CACC
   0         0         0         0         0         0       
   0         0         0         0         0         0       
   0         0         0         0         0         0       
   0         0         0         0         0         0       
   0         0         0         0         0         0       
   0         0         0         0         0         0       
   0         0         0         0         0         0       
   0         0         0         0         0         0       
   0         0         0         0         0         0       
   0         0         0         0         0         0       
   0         0         0         0         0         0       

CFRC_INT
   0         0         0         0         0         0       
   0         0         0         0         0         0       
   0         0         0         0         0         0       
   0         0         0         0         0         0       
   0         0         0         0         0         0       
   0         0         0         0         0         0       
   0         0         0         0         0         0       
   0         0         0         0         0         0       
   0         0         0         0         0         0       
   0         0         0         0         0         0       
   0         0         0         0         0         0       

CFRC_EXT
   0         0         0         0         0         0       
   0         0         0         0         0         0       
   0         0         0         0         0         0       
   0         0         0         0         0         0       
   0         0         0         0         0         0       
   0         0         0         0         0         0       
   0         0         0         0         0         0       
   0         0         0         0         0         0       
   0         0         0         0         0         0       
   0         0         0         0         0         0       
   0         0         0         0         0         0       

